190611,355041
190612,355851
190614,356929
190616,357430
190619,358009
190620,358354
190625,359373
190701,360691
190703,361271
190706,361601
190708,362387
190716,364416
190729,368074
190730,368393
190801,368829
190802,369068
190803,369578
190804,369813
190809,371219
190811,371787
190816,373590
190818,375067
190819,375732
190820,376342
190821,377002
190822,377504
190823,377946
190824,378389
190825,379090
190826,379678
190827,380101
190828,380651
190829,381340
190830,381988
190831,382332
190901,382849
190902,384068
190903,384541
190904,384867
190905,385214
190906,386069
190907,386414
190908,386707
190909,387003
190910,387269
190911,387471
190912,387673
190914,388007
190915,388349
190916,388556
190918,389317
190919,389000
190920,389000
190921,389000
190922,390000
190923,390000
190924,390000
190926,392000
190927,392000
190929,393000
190930,393000
191001,394000
191002,394000
191003,394000
191017,399000
191018,399000
191020,400000
191029,403000
191030,403000
191101,404000
191109,407000
191111,409000
191117,412000
191118,413000
191119,414000
191122,415000
191124,417000
191125,417000
191126,418000
191127,418000
191130,420000
191202,421000
191204,422000
191211,427000
191216,430000
191222,437000
191228,441000
191230,442000
191231,443000
200101,443000
200111,453000
200113,454000
200125,460000
200127,461000
200131,462000
200201,463000
200205,464000
200206,464000
200224,470000
200228,472000

...
260627,1510000
260628,1510000
260629,1510000
260630,1510000
260701,1510000